611 sozom ⁸ ,131

Α l

Keppler: Es ist mir 111136161666661666 166 1661666 Opporrenteo:
das 1166 1111116116 6666 666 1111166 61661666 ¹(ileo 166161) 166 11311611 611
6166, 661 61 611 6166161163661116111 16166 mag· Verstehe 11611161, Es
166 31616116116611661616111666 1616. 11116111616166, 661 diser 6111666 16·Ι
61166166 616 ,66666111666166661116666166“ 661161161661 schrifft 3611666116,
166 6666161 1611611161 6616 astrologo 61166 eiobilde. Danu diss 161 1611
36366 meino Opponenren 6666661661166 3616111 61616166 66666111616666
6661 18. 1161666 116611111661). Rdslioi 66 Cometa 6661 1596. 3661111166.
11666 6166 61611 sich D. Rosrrn fast zweiffelhafft‚ 161 61 diesem Cometen
6136611161 6611 11116666616366 zusolrreiben: 666161 jn 61111161 1116661161
661666 6136661666 6666661163 6666 1604. 16 16161361 66111111 61616631
Er, 616 Cometen 111661661556, 1580166 1604 1161166116 166666616 16-
666166366 3616111 1666 1616661161661611611 6611 616 36661611616616166.

D. Rdslio: Nil also 61616 11611 1161311616. 1611 1611 611 61116666
1596,16666162016116616136661111661 1666 1611661 160416166, 1611 N
der 0661616666 1580. 616 Ecliptieam io 1666 conjunctionis 6163666 6666 »
1583. 66161161611166, 166 6611 166616 conjunctionis 6163666 66661604. 16·
36611611 11661161 1611 616616116616 61666166 116666, 6666 666 66661604.
61161 dieser sochen, dio 20161116161 6636166366, 166 16136666 241611
6661 66166 ’16616166 661166, 6166 36166166 catastrophe 166 6666611163 1616
werde. Dos 16131 611 661166166666 666661 directe, 661 66 6661 616 Β661
16616166 lan. ’

Keppler: Die 66666661611163 666 1161661666 66661580. 166 6661666116-
num 1663661616 6666 1583. 1604. 1611 16116 16161 116111 1161166, 161166
111 616 1611161 6111161666 conjectandi, 11666 66 16166 1616 Β661 6161611111
1166; 6161 wie kommen 6161616666666201611 1111111166 36161161166, 66
6661 616 6611611136 24 1611 1611 666 111366 hierzu? 6666161· donn 6661
6163611163, 66116116611661 11616 wie 11661111 661 81616 6666 1604. hierzu?
1616666 661 0611161 6666 1580. 66161611661161 166 1611661166 3611661, 6661
161 mon zovor 66366 1666611, 66661604. 1616 616 66161 81616 im 86111166
1666111661 1161161 6666 6116116616 161361, 661611161, 661 616 Astrologi
1116 Ι). Rdslin 611166 1116116616 36111166 worden, sovil 166 6666 1604. 66
661161166.

11.Βὸ6116; Dio Astrologi werden offo 16116366 661611 116 613666

· wiesche, kommen 6111 zu lrue: will mich hiervon 611 361 661136661166666
16166. ,

Keppler: Hiermit ist Gottlob vnser 3661661 811611 1613116166, 166
1161 16661161666, 163611 611 16611.

D. Rdslirr: Es soll 116116666 161661 3616111 1616, 1666611161 616 61
361 6161666, 661 161 6661161661 116.

Koppler: Der Hert 1166161 661 6166 6613, 66 111161616613616111
3611161611 66116111666116611616 16661 1611616361 11111161 ’ einen ,Colenden
166 1116611161 1666666 driiber 11611611, 16 611 6661 361 11661661 361611611
11116 6616161 616116. 11616161 16116 1111661111 sich einer 3616111 666116611
1611161166, 666 61666 166616166611161166 661666 111 6616161161616 1666111611-
636166611161611 1111611611 66 3616161111616 661 611 166 6616 6611161161 166

s 18Μ1ι66166616161161111666161166666111611161116166, 166 36161 16116663 6616 ·
66116, 666 6661 bey meineri 1616611166 616 1611616316 66611361 1616661611
61111611 1611 661116 36116611, 661 66616111 6611616 astrologi 6161 16 66661-

w

 

